K: 2117.31 0 924.681 0 2113.29 656.457 0 0 1
T: 0.00382471 -0.999992 -0.00070554 -0.0125114 -0.0132276 0.000654817 -0.999912 -0.379526 0.999905 0.00383377 -0.0132251 -0.551037
